Tabelas para o PVI 2
           x |  Valor Exato |        Euler |   Euler Mel. |   Euler Mod. |     R-G Gen3 |   ODE45 Fixo |
--------------------------------------------------------------------------------------------------------
    1.000000 |     2.000000 |     2.000000 |     2.000000 |     2.000000 |     2.000000 |     2.000000 |
    1.100000 |     1.660406 |     1.600000 |     1.664463 |     1.667120 |     1.660133 |     1.660406 |
    1.200000 |     1.412037 |     1.328926 |     1.417604 |     1.421193 |     1.411679 |     1.412037 |
    1.300000 |     1.224397 |     1.135583 |     1.230316 |     1.234076 |     1.224031 |     1.224397 |
    1.400000 |     1.078717 |     0.991869 |     1.084470 |     1.088070 |     1.078373 |     1.078717 |
    1.500000 |     0.962963 |     0.881366 |     0.968329 |     0.971641 |     0.962652 |     0.962963 |

Erros
    1.000000 | 0.000000e+00 | 0.000000e+00 | 0.000000e+00 | 0.000000e+00 | 0.000000e+00 | 0.000000e+00 |
    1.100000 | 0.000000e+00 | 6.040571e-02 | 4.057100e-03 | 6.714471e-03 | 2.731538e-04 | 4.885198e-09 |
    1.200000 | 0.000000e+00 | 8.311142e-02 | 5.566686e-03 | 9.156163e-03 | 3.580457e-04 | 5.962835e-09 |
    1.300000 | 0.000000e+00 | 8.881380e-02 | 5.919509e-03 | 9.679057e-03 | 3.660533e-04 | 5.753934e-09 |
    1.400000 | 0.000000e+00 | 8.684854e-02 | 5.752300e-03 | 9.352756e-03 | 3.437331e-04 | 5.153511e-09 |
    1.500000 | 0.000000e+00 | 8.159677e-02 | 5.365830e-03 | 8.677754e-03 | 3.111148e-04 | 4.485671e-09 |
---------------------------------------------------------------------------------------------------------------------------
