Tabelas para o PVI 1
           x |  Valor Exato |        Euler |   Euler Mel. |   Euler Mod. |     R-G Gen3 |   ODE45 Fixo |
--------------------------------------------------------------------------------------------------------
    0.000000 |     0.000000 |     0.000000 |     0.000000 |     0.000000 |     0.000000 |     0.000000 |
    0.100000 |     0.004841 |     0.000000 |     0.004545 |     0.004762 |     0.004834 |     0.004841 |
    0.200000 |     0.018786 |     0.009091 |     0.018216 |     0.018634 |     0.018773 |     0.018786 |
    0.300000 |     0.041074 |     0.026515 |     0.040247 |     0.040853 |     0.041055 |     0.041074 |
    0.400000 |     0.071061 |     0.051632 |     0.069991 |     0.070776 |     0.071038 |     0.071061 |
    0.500000 |     0.108198 |     0.083891 |     0.106896 |     0.107851 |     0.108170 |     0.108198 |

Erros
    0.000000 | 0.000000e+00 | 0.000000e+00 | 0.000000e+00 | 0.000000e+00 | 0.000000e+00 | 0.000000e+00 |
    0.100000 | 0.000000e+00 | 4.841198e-03 | 2.957432e-04 | 7.929302e-05 | 7.142951e-06 | 5.858493e-11 |
    0.200000 | 0.000000e+00 | 9.694959e-03 | 5.696147e-04 | 1.523278e-04 | 1.323214e-05 | 6.663842e-11 |
    0.300000 | 0.000000e+00 | 1.455839e-02 | 8.264487e-04 | 2.205417e-04 | 1.857274e-05 | 4.192344e-11 |
    0.400000 | 0.000000e+00 | 1.942943e-02 | 1.069754e-03 | 2.849638e-04 | 2.336701e-05 | 2.483970e-11 |
    0.500000 | 0.000000e+00 | 2.430655e-02 | 1.302139e-03 | 3.463497e-04 | 2.775328e-05 | 1.551015e-11 |
---------------------------------------------------------------------------------------------------------------------------
